20200730,1,0,0,1,1,1,1,1,0,0,0,1,0,0,0,1,0,0,0,1
20200731,1,0,0,1,1,1,1,1,0,0,0,1,0,0,0,1,0,0,0,1
20200729,1,0,0,1,1,1,1,1,0,0,1,0,0,0,0,1,0,0,0,1
20200801,1,0,0,1,1,1,1,1,0,0,0,0,0,0,0,1,0,0,0,1
20200802,1,0,0,1,1,1,1,1,0,0,0,0,0,0,0,1,0,0,0,1
20200803,1,0,0,1,1,1,1,1,0,0,0,0,0,0,0,1,0,0,0,1
20200804,1,0,0,1,1,1,1,1,0,0,0,0,0,0,0,1,0,0,0,1
20200805,1,0,0,1,1,1,1,1,0,0,0,0,0,0,0,1,0,0,0,1
20200806,1,0,0,1,1,1,1,1,0,0,0,0,0,0,0,1,0,0,0,0
20200807,1,0,0,0,1,0,1,1,0,0,0,0,0,0,0,1,0,0,0,1
20200807,1,0,0,1,0,1,1,1,0,0,0,0,0,0,0,1,0,0,0,0
20200808,1,0,0,1,1,1,1,1,1,0,0,0,0,0,0,1,0,0,0,1
20200809,1,0,0,1,1,1,1,1,1,0,0,0,0,0,0,1,0,0,0,1
20200810,0,0,0,1,1,1,0,1,1,0,0,0,0,0,0,1,0,0,0,0
20200811,1,0,0,1,1,1,1,1,1,0,0,0,0,0,0,1,0,0,0,1
20200812,1,0,0,1,1,1,1,1,1,0,0,0,0,0,0,1,0,0,0,1
20200813,1,0,0,1,1,1,1,1,1,0,0,0,0,0,0,1,0,0,0,1
20200814,1,0,0,1,1,1,1,1,1,0,0,0,0,0,0,1,0,0,0,1
20200815,1,0,0,1,1,1,1,1,1,0,0,0,0,0,0,1,0,0,0,1
20200816,1,0,0,1,1,1,1,1,1,0,0,0,0,0,0,1,0,0,0,1
20200817,1,0,0,1,1,1,1,1,1,0,0,0,0,0,0,1,0,0,0,1
20200818,1,0,0,1,1,1,1,1,0,0,0,0,0,0,0,1,0,0,0,1
20200819,1,1,0,1,1,1,1,1,0,0,1,0,0,0,0,1,0,0,0,1
20200820,1,1,0,1,0,1,1,1,0,0,0,0,0,0,0,1,0,0,0,1
20200821,1,1,0,1,1,1,1,1,1,0,1,1,0,0,0,1,0,0,0,1
20200822,1,1,0,1,1,1,1,1,1,0,1,0,0,0,0,1,1,0,0,1
20200823,1,1,0,1,1,1,1,1,1,0,0,0,0,0,0,1,0,0,0,1
20200824,1,1,0,1,1,1,1,1,1,0,0,0,0,0,0,1,0,0,0,1
20200825,1,1,0,1,1,1,1,1,1,0,0,0,0,0,0,1,0,0,0,1
20200826,1,1,0,1,1,1,1,1,1,0,0,0,0,0,0,1,0,0,0,1
20200827,1,1,0,1,1,1,1,1,1,0,0,0,0,0,0,1,0,0,0,1
20200828,1,1,0,1,1,1,1,1,1,0,0,0,0,0,0,1,0,0,0,1
20200829,1,1,0,1,1,1,1,1,1,0,0,0,0,0,0,1,0,0,0,1
20200830,1,1,0,1,1,1,1,1,0,0,0,0,0,0,0,1,0,0,0,1
20200831,1,1,0,1,1,1,1,1,0,0,0,1,0,0,0,1,0,0,0,1
20200901,1,1,0,1,1,1,1,1,0,0,0,1,0,0,0,1,0,0,0,1
20200909,1,1,0,1,1,1,1,1,1,0,0,0,0,0,0,1,0,0,0,1
20200910,1,0,0,1,1,1,1,1,0,0,0,0,0,0,0,1,0,0,0,1
20200911,1,0,0,1,1,1,1,1,0,0,0,0,0,0,0,1,0,0,0,1
20200912,1,0,0,1,1,1,1,1,0,0,1,0,0,0,0,1,0,0,0,1
20200913,1,0,0,1,1,1,1,1,0,0,0,0,0,0,0,1,0,0,0,1
20200914,1,0,0,1,1,1,1,1,0,0,0,0,0,0,0,1,0,0,0,1
20200915,1,0,0,1,1,1,1,1,0,0,0,0,0,0,0,1,0,0,0,1
20200923,1,1,0,1,1,1,1,1,1,1,1,1,0,0,0,1,0,0,0,1
20200924,1,1,0,1,1,1,1,1,1,1,0,0,0,0,0,1,0,0,0,1
20200925,1,1,0,1,0,1,1,1,1,0,0,0,0,0,0,1,0,0,0,0
20200926,1,1,0,1,0,1,1,1,0,0,0,0,0,0,0,1,0,0,0,0
20200927,1,1,0,1,1,1,1,1,0,0,0,0,0,0,0,1,0,0,0,1
20200928,1,1,0,1,1,1,1,1,0,0,0,0,0,0,0,1,0,0,0,1
20200929,1,1,0,1,1,1,1,1,0,0,0,0,0,0,0,1,0,0,0,1
20200930,1,1,0,1,1,1,1,1,0,0,0,0,0,0,0,1,0,0,0,1
20201001,1,1,0,1,1,1,1,1,1,0,0,0,0,0,0,1,0,0,0,1
20201002,1,1,0,1,1,1,1,1,1,0,0,0,0,0,0,1,0,0,0,1
20201003,1,1,0,1,1,1,1,1,0,0,0,0,0,0,0,1,0,0,0,1
20201004,1,1,0,1,1,1,1,1,1,0,0,0,0,0,0,0,0,0,0,1
20201005,1,1,0,1,1,1,1,1,1,0,0,0,0,0,0,1,0,0,0,1
20201006,1,1,0,1,1,1,1,1,1,0,0,0,0,0,0,1,0,0,0,1
20201008,1,1,0,1,1,1,1,1,1,0,0,0,0,0,0,1,0,0,0,1
20201007,1,1,0,1,1,1,1,1,0,0,0,0,0,0,0,1,0,0,0,1
20201009,1,1,0,1,1,1,1,1,0,0,0,0,0,0,0,1,0,0,0,1
20201010,1,1,0,1,1,1,1,1,0,0,0,0,0,0,0,1,0,0,0,1
20201011,1,1,0,1,1,1,1,1,0,0,0,0,0,0,0,1,0,0,0,1
20201012,1,1,0,1,1,1,1,1,0,0,0,0,0,0,0,1,0,0,0,1
20201013,1,1,0,1,1,1,1,1,0,0,0,0,0,0,0,1,0,0,0,1
20201014,1,1,0,1,1,1,1,1,0,0,0,0,0,0,0,1,0,0,0,1
20201015,1,1,0,1,1,1,1,1,0,0,0,0,0,0,0,1,0,0,0,1
20201016,1,1,0,1,1,1,1,1,0,0,0,0,0,0,0,1,0,0,0,1
20201017,1,1,0,1,1,1,1,1,0,0,0,0,0,0,0,1,0,0,0,1
20201018,1,1,0,1,1,1,1,1,0,0,0,0,0,0,0,1,0,0,0,1
20201019,1,1,0,1,1,1,1,1,0,0,0,0,0,0,0,1,0,0,0,1
20201020,1,1,0,1,1,1,1,1,0,0,0,0,0,0,0,1,0,0,0,1
20201028,1,1,0,1,1,1,1,1,1,1,0,0,0,0,0,1,0,1,0,1
20201029,1,1,0,1,1,1,1,1,0,0,0,0,0,0,0,1,0,0,0,0
20201030,1,1,0,1,1,1,1,1,0,0,0,0,0,0,0,1,0,0,0,1
20201031,1,1,0,1,1,0,0,1,0,0,0,0,0,0,0,1,0,0,0,0
20201101,1,1,0,1,1,1,1,1,0,0,0,0,0,0,0,1,0,0,0,1
20201102,1,0,0,1,0,0,1,1,0,0,0,0,0,0,0,1,0,0,0,0
20201103,1,1,0,1,0,0,1,1,0,0,0,0,0,0,0,1,0,0,0,1
20201104,1,0,0,1,0,0,0,1,0,0,0,0,0,0,0,1,0,0,0,0
20201105,0,0,0,1,1,0,0,1,1,0,0,0,0,0,0,1,0,0,0,0
20201106,1,0,0,1,1,1,1,1,1,0,0,0,0,0,0,1,0,0,0,1
20201107,1,0,0,1,1,1,1,1,0,0,0,0,0,0,0,1,0,0,0,1
20201108,1,0,0,1,1,1,1,1,1,0,0,0,0,0,0,1,0,0,0,1
20201109,1,0,0,1,1,1,1,1,1,0,0,0,0,0,0,1,0,0,0,1
20201110,1,0,0,1,1,1,1,1,1,0,0,0,0,0,0,1,0,0,0,1
20201111,1,0,0,1,1,1,1,1,1,0,0,0,0,0,0,1,0,0,0,1
20201112,1,0,0,1,1,1,1,1,0,0,0,0,0,0,0,1,0,0,0,1
20201113,1,0,0,1,1,1,1,1,0,0,0,0,0,0,0,1,0,0,0,1
20201114,1,0,0,1,1,1,1,1,0,0,0,0,0,0,0,1,0,0,0,1
20201115,1,1,0,1,1,1,1,1,0,0,0,0,0,0,0,1,0,0,0,1
20201116,1,1,0,1,1,1,1,1,1,0,0,0,0,0,0,1,0,0,0,1
20201117,1,1,0,1,1,1,1,1,1,0,0,0,0,0,0,1,0,0,0,1
20201118,1,1,0,1,1,1,1,1,0,0,0,0,0,0,0,1,0,0,0,1
20201119,1,0,0,1,1,1,1,1,0,0,0,0,0,0,0,1,0,0,0,1
20201120,1,0,0,1,1,1,1,1,0,0,0,0,0,0,0,1,0,0,0,1
20201121,1,0,0,1,1,1,1,1,0,0,0,0,0,0,0,1,0,0,0,1
20201122,1,0,0,0,1,1,1,1,0,0,0,0,0,0,0,1,0,0,0,1
20201123,1,0,0,1,1,1,1,1,0,0,0,0,0,0,0,1,0,0,0,1
20201124,1,0,0,1,1,1,1,1,0,0,0,0,0,0,0,1,0,0,0,1
20201125,1,1,1,1,1,1,1,1,0,0,0,0,0,0,0,1,0,0,0,1
20201126,1,0,1,1,1,1,1,1,0,0,0,0,0,0,0,1,0,0,0,1
20201127,1,0,0,1,1,1,1,1,0,0,0,0,0,0,0,1,0,0,0,1
20201128,1,0,0,1,1,1,1,1,0,0,0,0,0,0,0,1,0,0,0,1
20201129,1,0,0,1,1,1,1,1,0,0,0,0,0,0,0,0,0,0,0,0
20201130,0,0,0,1,0,0,0,1,0,0,0,0,0,0,0,0,0,0,0,0
20201201,0,0,0,1,0,0,0,1,0,0,0,0,0,0,0,0,0,0,0,0
20201202,0,0,0,1,0,0,0,1,0,0,1,0,0,0,0,0,0,0,0,0
20201203,0,0,0,1,1,1,1,1,1,0,0,0,0,0,0,1,0,0,0,0
20201204,1,0,0,1,1,1,0,1,0,0,0,0,0,0,0,1,0,0,0,0
20201205,1,0,0,1,1,1,1,1,0,1,0,0,0,0,0,1,0,0,0,1
20201206,1,0,0,1,1,1,1,1,0,0,0,0,0,0,0,1,0,0,0,1
20201207,1,0,0,1,1,1,1,1,0,0,0,0,0,0,0,1,0,0,0,1
20201208,1,0,0,1,0,0,1,1,0,0,0,0,0,0,0,1,0,0,0,0
20201209,0,0,0,1,0,0,0,1,0,0,0,0,0,0,0,0,0,0,0,0
20201210,0,0,0,1,1,0,0,1,0,0,0,0,0,0,0,0,0,0,0,0
20201211,0,0,0,1,0,0,0,1,0,0,0,0,0,0,0,0,0,0,0,0
20201212,1,0,0,1,1,1,0,1,0,0,0,0,0,0,0,1,0,0,0,0
20201213,1,0,0,1,1,0,1,1,0,0,0,0,0,0,0,0,0,0,0,1
20201214,0,0,0,1,0,0,0,1,0,0,0,0,0,0,0,0,0,0,0,0
20201215,0,0,0,1,0,0,0,1,0,0,0,0,0,0,0,0,0,0,0,0
20201216,1,0,0,1,1,1,1,1,1,0,0,0,0,0,0,1,0,0,0,1
20201217,1,0,0,1,1,1,1,1,1,0,0,0,0,0,0,0,0,0,0,1
20201218,1,0,0,1,0,0,1,1,0,0,0,0,0,0,0,1,0,0,0,0
20201219,1,0,0,1,1,0,1,1,1,0,0,0,0,0,0,0,0,0,0,0
20201220,1,0,0,1,0,0,1,1,0,0,0,0,0,0,0,0,0,0,0,0
2020121,1,0,0,1,0,0,1,1,0,0,0,0,0,0,0,1,0,0,0,0
20201222,1,0,0,1,0,0,1,1,0,0,0,0,0,0,0,1,0,0,0,0
20201221,1,0,0,1,0,0,0,1,0,0,0,0,0,0,0,0,0,0,0,0
20201223,1,0,1,1,1,1,1,1,1,0,0,0,0,0,0,1,0,0,0,0
20201224,0,0,0,1,0,1,0,1,0,0,1,0,0,0,0,1,0,0,0,0
20201226,1,0,0,1,1,1,1,1,1,0,0,0,0,0,0,1,0,0,0,1
20201225,1,0,1,1,1,1,1,1,1,0,0,0,0,0,0,1,1,1,0,1
20201227,1,0,0,1,1,1,1,1,1,0,0,0,0,0,0,1,0,0,0,1
20201228,1,0,0,1,1,1,1,1,0,0,0,0,0,0,0,1,0,0,0,1
20201229,1,0,0,1,1,1,1,1,1,0,1,0,0,0,0,1,0,0,0,1
20201230,1,0,0,1,1,1,1,1,1,0,0,0,0,0,0,1,0,0,0,1
20201231,0,0,0,1,0,0,0,1,0,0,0,0,0,0,0,1,0,0,0,0
20210101,1,0,0,1,1,1,1,1,1,0,0,0,0,0,0,1,0,0,0,1
20210102,1,0,0,1,1,1,1,1,1,0,0,0,0,0,0,1,0,0,0,1
20210103,1,0,0,1,1,1,1,1,1,0,0,0,0,0,0,1,0,0,0,1
20210104,1,0,0,1,1,1,1,1,0,0,0,0,0,0,0,1,0,0,0,1
20210105,0,0,0,1,1,1,0,1,0,0,0,0,0,0,0,1,0,0,0,1
20210106,0,0,1,1,1,1,1,1,0,0,0,0,0,0,0,1,0,0,0,1
20210107,0,0,0,1,1,1,1,1,1,0,0,0,0,0,0,1,0,0,0,1
20210108,1,0,0,1,0,1,1,1,0,0,0,0,0,0,0,1,0,0,0,1
20210109,0,0,0,1,1,1,1,1,1,0,0,0,0,0,0,1,0,0,0,1
20210110,1,0,0,1,1,1,1,1,1,0,0,0,0,0,0,1,0,0,0,1
20210111,0,0,0,1,1,1,1,1,1,0,0,0,0,0,0,1,0,0,0,1
20210112,0,0,0,1,0,1,0,1,0,0,0,0,0,0,0,1,0,0,0,0
20210113,1,0,0,1,1,1,1,1,0,0,0,0,0,0,0,1,0,0,0,1
20210114,0,0,0,1,1,0,0,1,0,0,0,0,0,0,0,1,0,0,0,1
20210115,0,0,0,1,0,0,0,1,0,0,0,0,0,0,0,1,0,0,0,0
20210117,1,0,0,1,1,1,1,1,0,0,0,0,0,0,0,1,0,0,0,1
20210116,1,0,0,1,1,1,1,1,0,0,0,0,0,0,0,1,0,0,0,1
20210118,1,0,0,1,1,1,1,1,0,0,0,0,0,0,0,1,0,0,0,1
20210119,1,0,0,1,1,1,1,1,0,0,0,0,0,0,0,1,0,0,0,1
20210120,0,0,0,1,0,0,1,1,0,0,0,0,0,0,0,1,0,0,0,0
20210121,0,0,0,1,1,0,0,1,0,0,0,0,0,0,0,1,0,0,0,1
20210122,1,0,0,1,1,0,0,1,0,0,0,0,0,0,0,0,0,0,0,0
20210123,0,0,0,1,1,0,0,1,0,0,0,0,0,0,0,1,0,0,0,0
20210124,1,0,0,1,1,1,1,1,0,0,0,0,0,0,0,1,0,0,0,1
20210125,1,0,0,1,1,1,1,1,0,0,0,0,0,0,0,1,0,0,0,1
20210126,0,0,0,1,1,1,1,1,0,0,0,0,0,0,0,1,0,0,0,0
20210127,0,0,0,1,0,1,0,1,1,1,0,0,0,0,0,1,0,0,0,1
20210128,0,0,1,1,1,1,0,1,0,0,0,0,0,0,0,1,0,0,0,1
20210129,0,0,0,1,0,0,0,1,0,0,0,0,0,0,0,1,0,0,0,0
20210130,0,0,0,1,0,0,0,1,0,0,0,0,0,0,0,1,0,0,0,0
20210131,0,0,0,1,0,1,1,1,0,0,0,0,0,0,0,1,0,0,0,1
20210201,0,0,0,1,1,1,0,1,0,0,0,0,0,0,0,1,0,0,0,1
20210202,0,0,0,1,0,0,0,1,0,0,0,0,0,0,0,0,0,0,0,0
20210203,0,0,0,1,0,0,0,1,0,0,0,0,0,0,0,1,0,0,0,0
20210204,0,0,0,1,1,1,0,1,0,0,0,0,0,0,0,1,0,0,0,1
20210205,0,0,0,1,0,0,0,1,0,0,0,0,0,0,0,0,0,0,0,0
20210206,0,0,0,1,0,0,0,1,0,0,0,0,0,0,0,0,0,0,0,0
20210207,0,0,0,1,0,0,0,1,0,0,0,0,0,0,0,1,0,0,0,0
20210208,0,0,0,1,0,0,0,1,0,0,0,0,0,0,0,1,0,0,0,0
20210209,1,0,0,1,1,0,0,1,0,0,0,0,0,0,0,1,0,0,0,0
20210210,1,0,0,1,1,1,1,1,0,0,0,0,0,0,0,1,0,0,0,1
20210211,1,0,0,1,1,1,1,1,0,0,0,0,0,0,0,1,0,0,0,1
20210212,1,0,0,1,1,1,1,1,0,0,0,0,0,0,0,1,0,0,0,1
20210213,1,0,0,1,1,1,1,1,0,0,0,0,0,0,0,1,0,0,0,1
20210214,0,0,0,1,0,0,0,1,1,0,0,0,0,0,0,1,0,0,0,0
20210215,0,0,0,1,1,0,1,1,0,0,0,0,0,0,0,1,0,0,0,1
20210216,0,0,0,1,0,1,0,1,0,0,0,0,0,0,0,0,0,1,0,0
20210217,0,0,0,1,0,0,0,1,0,0,0,0,0,0,0,0,0,0,0,0
20210218,1,0,0,1,1,1,1,1,0,0,1,0,0,0,0,1,0,0,0,1
20210219,1,0,0,1,1,1,1,1,1,0,0,0,0,0,0,1,0,0,0,1
20210220,0,0,0,1,1,1,1,1,0,0,0,0,0,0,0,1,0,0,0,0
20210221,0,0,0,1,1,1,0,1,1,0,1,0,0,0,0,1,0,0,0,1
20210222,0,0,0,1,1,0,0,1,0,0,0,0,0,0,0,0,0,0,0,0
20210223,1,0,0,1,1,1,1,1,0,0,0,0,0,0,0,1,0,0,0,1
20210224,0,0,0,1,1,1,1,1,0,0,0,0,0,0,0,1,0,0,0,1
20210225,0,0,0,1,1,1,1,1,0,0,0,0,0,0,0,0,0,0,0,1
20210226,0,0,0,1,0,1,0,1,1,0,0,0,0,0,0,1,0,0,0,0
20210227,1,0,0,1,1,1,1,1,0,0,0,0,0,0,0,1,0,0,0,1
20210228,0,0,0,1,1,1,1,1,0,0,0,0,0,0,0,1,0,0,0,0
20210301,1,0,0,1,1,1,1,1,0,0,0,0,0,0,0,1,0,0,0,1
20210302,0,0,0,1,1,1,0,1,0,0,0,0,0,0,0,1,0,0,0,0
20210303,0,0,0,1,0,0,0,1,0,0,0,0,0,0,0,1,0,0,0,0
20210304,0,0,0,1,0,0,0,1,0,0,1,0,0,0,0,1,0,0,0,0
20210305,0,0,0,1,1,0,0,1,0,0,0,0,0,0,0,1,0,0,0,1
20210306,1,0,0,1,1,0,1,1,0,0,0,0,0,0,0,1,0,0,0,1
20210307,1,0,0,1,1,0,1,1,0,0,0,0,0,0,0,1,0,0,0,1
20210308,1,0,0,1,1,0,1,1,0,0,0,0,0,0,0,1,0,0,0,1
20210309,1,0,0,1,1,0,1,1,0,0,0,0,0,0,0,1,0,0,0,1
20210310,0,0,0,1,0,0,0,1,1,0,0,0,0,0,0,1,0,0,0,0
20210311,0,0,0,1,0,0,0,1,0,0,0,0,0,0,0,0,0,0,0,0
20210312,0,0,0,1,1,1,0,1,1,0,0,0,0,0,0,1,0,0,0,1
20210313,0,0,0,1,1,0,0,1,0,0,0,0,0,0,0,1,0,0,0,1
20210314,1,0,0,1,1,0,1,1,0,0,0,0,0,0,0,1,0,0,0,1
20210315,0,0,0,1,0,0,0,1,0,0,0,0,0,0,0,1,0,0,0,0
20210316,0,0,0,1,1,0,0,1,0,0,0,0,0,0,0,1,0,0,0,1
20210317,0,0,0,1,0,0,0,1,0,0,0,0,0,0,0,1,0,0,0,0
20210318,0,0,0,1,1,0,0,1,0,0,0,0,0,0,0,1,0,0,0,0
20210319,0,0,0,1,1,0,1,1,0,0,0,0,0,0,1,0,0,0,0,1
20210320,1,0,0,1,1,0,1,1,1,0,0,0,0,0,0,0,0,0,0,1
20210321,0,0,0,1,1,0,1,1,0,0,0,0,0,0,0,0,0,0,0,1
20210322,1,0,0,1,1,1,1,1,0,0,0,0,0,0,0,1,0,0,0,1
20210323,1,0,0,1,1,0,1,0,1,0,0,0,0,0,0,0,0,0,0,1
20210324,0,0,0,1,1,0,0,0,0,0,0,0,0,0,0,1,0,0,0,0
20210325,0,0,0,1,0,0,0,1,0,0,0,0,0,0,0,0,0,0,0,0
20210326,0,0,0,1,1,0,0,1,0,0,0,0,0,0,0,0,0,0,0,0